image_width: 640
image_height: 480
camera_name: camera
camera_matrix:
  rows: 3
  cols: 3
  data:
  - 741.2614406950753
  - 0.0
  - 341.20184269174297
  - 0.0
  - 738.0487356035563
  - 255.6845120788663
  - 0.0
  - 0.0
  - 1.0
distortion_model: plumb_bob
distortion_coefficients:
  rows: 1
  cols: 5
  data:
  - -0.41912867752953886
  - 0.23337884075950385
  - 0.006534247640707906
  - -0.004591406283659977
  - -0.08909109580778053
rectification_matrix:
  rows: 3
  cols: 3
  data:
  - 1.0
  - 0.0
  - 0.0
  - 0.0
  - 1.0
  - 0.0
  - 0.0
  - 0.0
  - 1.0
projection_matrix:
  rows: 3
  cols: 4
  data:
  - 741.2614406950753
  - 0.0
  - 341.20184269174297
  - 0.0
  - 0.0
  - 738.0487356035563
  - 255.6845120788663
  - 0.0
  - 0.0
  - 0.0
  - 1.0
  - 0.0
