image_width: 1920
image_height: 1080
camera_name: camera
camera_matrix:
  rows: 3
  cols: 3
  data:
  - 1134.0153103132536
  - 0.0
  - 946.1682892604261
  - 0.0
  - 1134.709083581405
  - 520.6057490434358
  - 0.0
  - 0.0
  - 1.0
distortion_model: plumb_bob
distortion_coefficients:
  rows: 1
  cols: 5
  data:
  - 0.19013642078363174
  - -0.4641480584911009
  - -0.0040962318233614655
  - 0.0017403187790056476
  - 0.3357704334328144
rectification_matrix:
  rows: 3
  cols: 3
  data:
  - 1.0
  - 0.0
  - 0.0
  - 0.0
  - 1.0
  - 0.0
  - 0.0
  - 0.0
  - 1.0
projection_matrix:
  rows: 3
  cols: 4
  data:
  - 1134.0153103132536
  - 0.0
  - 946.1682892604261
  - 0.0
  - 0.0
  - 1134.709083581405
  - 520.6057490434358
  - 0.0
  - 0.0
  - 0.0
  - 1.0
  - 0.0
